01000110111011001011101100100110
01000111010010101010110001110010
01000110111100010011001010011111
01000101110010010011110011110100
00111110000111100101010000000110
00111101111010011100000100101111
01001110010111100011010111101100
01001111000111100110001110001110
01001101110010011110000110000111
01001111011101000001101110000000
01000101100001011110100100100000
01000101010100101011111101101000
11000100100010010010001100001101
11000110100010000000010000110110
00111111000101110111100100010000
00111110000000001000001001001001
11001001110110001100101000110001
11001101101111011100101010110111
01001101010110111111100101001100
01001110100100110101011100101001
11000110100101001111111011100001
11000110110100110111011011110110
01000110111111001010101010110000
01000101100000100101110100001111
10111110100001010111000011111110
10111110010100000111100110100010
11001101001101111111110100001111
11001110111001001110101110010110
01001101010111011000110100011110
01001101010101000101100001011101
01001101100000101101011011011100
01001100110100101111000100000110
01000110001100100010001110111100
01000101111000011011000100001111
00111010000100000011011111111001
00111010000001001011010001011010
01001001101010001000100011001000
01001011101111010011101011111011
01011010001010010010010100111101
01011101101110111011001010000001
01000110010011110011110011000010
11000101001110110010001010110000
11000101110100010111001001110000
11000110110000011100100111110001
00111111001000101101110110110001
00111110011111000011110010001011
11001101011100010001111100110000
11001110000101100001001010101001
11011100000010111011011111001010
11011000010111010011111000101011
