01000101111100001111110101010101
01000110010111111010101011000101
01000101101010111100000011100000
01000110011110111110110111100000
01000110100111010110100100001110
01000110111110011110011001111011
01000100000010101000100101000011
01000110010010100000110010100000
01000110000010100010100011000001
01000110101000000101111001011010
01000110110100111001101101101000
01000110000011111000111101011010
01000110111101101110001001001111
01000110110001000000101001101001
01000110100011011110100001100101
01000110101101101110011010111011
01000110101001100001101110110001
01000110011011101110110100001111
01000110111000011000010000110110
01000110000010001101111001001111
01000110101100010010000010000001
01000110111010111001111010100110
01000101110110101011101001101001
01000110001010011011110100101110
01000101111010010010101001111101
01000100111111100000010010100010
01000100110000010110101000010010
01000110011011101101100011111110
01000110101010111110100100000010
01000110101000010001111100100101
01000110110100100001010001011000
01000110111010001001000001110011
01000101000100101101010001110001
01000110101001100010110110111101
01000101010101100110000111111111
01000110101011010101110010001101
01000110010011111010100100001011
01000110001110010000100100110010
01000110000100111110010100110001
01000110111000011111111001000100
01000110101001110000010010001110
01000110110001000111111000110110
01000110001111111110110010010110
01000110101001101010111011000111
01000110110010111011111001100111
01000101111000101011000111010111
01000110111101100101011010010001
01000101101010000000000110001101
01000110010010000101000010110100
01000110010011010000100010001001
01000110101010011101010010001010
01000110111011110001010001010110
01000110010011110101011011111010
01000110111111110111100001100011
01000110001001110011111111000111
01000110100001110100100001101000
01000110110100111111010000110011
01000101111001010001001000101011
01000110100000011010010001110010
01000110011110101110110001110111
01000011111011100001011110100011
01000110001001100011110100110110
01000101011100010010010001001111
01000101110100110011000111101000
01000110111001000101011111000010
01000110101100000010010000111100
01000110001001111011000011101001
01000110100101110000101001011011
01000101110100101011100111000110
01000110001111110110110011100010
01000110101110111010100000111111
01000101011001111101001110010110
01000110101011110001100001000010
01000110111000100110110001101001
01000110101110011101001001111001
01000110010000111101010010001110
01000110100000001001100010001100
01000110110101100010101001011100
01000110000101111000000001110111
01000110111111101001101000111011
01000110110111001110110001010011
01000101000110000110001111111001
01000110100001101100001001001010
01000110000100000111010100101101
01000110001111000111000100111111
01000101101111010101101001110100
01000110101011100010110001110001
01000110101100101001001001001100
01000110001111011001000100101010
01000110110001001010011010000101
01000110110100000010111001011100
01000110010010110001001010111001
01000110001111001001110011011100
01000110011000000101010100110011
01000101101011111110001011101000
01000110100000111100011111000011
01000110100010001111000001100000
01000110101000011100010001100111
01000101001100011101001001001100
01000101000000110111010000110110
01000110010110101101001001110111
01000110110011110011011001110100
01000110100010011000111010110111
01000110101001111101001010100101
01000110011100010111111101011111
01000101110111000100100101101011
01000110110001111001101001000001
01000110110010110001110010011000
01000110010011101101101011110001
01000110101001011110010110000100
01000110111001011100011001101001
01000110101001011100001010000110
01000110001010000101100010101010
01000110101010101111001010111001
01000110101111101100010000110111
01000110100100001100001001110100
01000110111101000001010001011100
01000110001111011111100100000110
01000110101001110010111010000110
01000110100101000010100110101110
01000110100111001010100011011100
01000110100011111001011010011000
01000101010011111110010100110001
01000110011010001110110010010100
01000110011010001010000010111101
01000110111001000101101100100000
01000110101101001011100001101100
01000110111110101110010010011000
01000011111000000000111001011101
01000100101001001110011001111011
01000110101110101010011010100100
01000110100100110001111010000100
01000110100001101110101001001110
01000110011000110011100011110101
01000110101011101100000100100100
01000101101110010011000111100110
01000100110110101010010000111000
01000101010110001101001010100001
01000101010010010111111100000001
01000110101101111011000010001000
01000110001000110100010011111001
01000110111110101111100010001100
01000110010011001111010100101111
01000110110100000100000001010111
01000100111010110100100001010100
01000101101100111111101001101110
01000110110000011000001001101011
01000110101000010110111001000001
01000110000000010001000101000000
01000110000010010001111100111011
01000110111110100110101001001011
01000100001101000101000111000011
01000110100010000011011001101010
01000100110110011100100010101101
01000110110100010001000010001011
01000110011001001111110011101100
01000110101110010000111001000111
01000110001001010110010011010000
01000110011000000101010111010000
01000110110101001001001010011000
01000101100010000010000011001111
01000011111011010001011000100010
01000101100111011000000100111111
01000110010001011101100010110011
01000110110010100111001000111101
01000101110111011001100101001010
01000110010111101010110011110000
01000101010000011111001011110101
01000101001000101100010000111111
01000110111001000110011000111011
01000110010011111111010010111111
01000110111111110101101010000100
01000110110111111100010100111111
01000110101000101001111000111110
01000110100100101001011010000010
01000110010101100100110101001110
01000110010000111010100101000001
01000101001000011101010100000100
01000110110000011001110000111011
01000110100010100010011010100000
01000110000110111111001011101100
01000110111101111000101001111011
01000101101101010110100110111110
01000101110100011100001101011110
01000110100100110000011001100000
01000110011100100010001101010011
01000110010101001101001000100001
01000110010100110100010010101111
01000110111100010111111011011000
01000110110000001111101010001011
01000101000000011001001011011001
01000101111100110010000101001100
01000110110100001100000001000101
01000110100011101000101011000100
01000110110110001010011001111001
01000110100111100000000100101001
01000110010001001001110001100110
01000110101000101111001101001000
01000110111000011001100010010000
01000110001110100010100100100111
00111110010101110010100110110011
00111110100110010000111010101010
00111110100101001000101010011100
00111110001001010010100100110101
00111110100001111001101001101011
00111110001110001100000000000101
00111110100110001011100000101000
00111111001010010000001011011110
00111111010111100110100110101101
00111111001110101100000010000011
00111110000000100101000001110010
00111110100101000101011000101110
00111101110100011101011010001100
00111110011111110110010101010110
00111101111001011011010000100100
00111110101001000101110010111100
00111110010111010110101101100110
00111110001100100010011111010000
00111110011110110001000001110111
00111110010001000111110000110001
00111110100110111100010101011000
00111110011011000101111010110011
00111111010011111000101000001001
00111110010111111100011001010100
00111110011110001101010011111110
00111110011101011111000110111111
00111110011101111001011111001100
00111110100111111100101110010010
00111110010010001010111011111011
00111110000011100111101010110111
00111110010010011010001011000110
00111111011101101111011010010100
00111111001000011001110011100000
00111110100100111011101110000100
00111110101001110111100110100111
00111111010110100101111000110101
00111110100000011100110101100000
00111110000010001011110000010111
00111110001000100100110111010011
00111101111101100110111110010011
00111110100011101011011100000010
00111101111110010000111010101010
00111110100011110011001110000111
00111110000111111101101101001101
00111110100111001111010000011111
00111111001011100000011101011111
00111110000101010110000110010001
00111110011011100101001101100101
00111111010101101100001000100111
00111110100011110101011011101011
00111101110100011010011101011101
00111110010011010111010010010010
00111110011011101011000111000100
00111110010001000001110111010010
00111110101000011000100100110111
00111110101001111110001010000010
00111110101000111000011100010110
00111110001001010100001101101100
00111101111000010010110101110111
00111111011011100111110101010110
00111110000110101110101111000100
00111110000011001001100001011111
00111111010110000110010110010101
00111110001111111111000001000101
00111110100011011111101001000100
00111110001101010000010111010001
00111110000010001001101000000010
00111110001011110011010011010111
00111110010111010011111011010101
00111110001101100011100010000110
00111101110110111100000000011010
00111110100011111101101101001101
00111110001100101011111111011011
00111111001100100111101110110011
00111110001011000011010011000010
00111110111111100001101100001001
00111101111000010101011101101001
00111110011110010101010101110001
00111111011110100000001001110101
00111110011001101000001100111100
00111111011110100001110010101100
00111110011010000101110110110111
00111110010111001001011100001111
00111110010110011000011101000000
00111110100101011010101011111000
00111111001001100001000100110100
00111110010011110100010010010001
00111101111110001001000011010110
00111110001101111100111011011001
00111111011000110110011110100001
00111110110100000010000011000101
00111111000110010100101011110101
00111111011110100001011000011110
00111111000001101111000000000111
00111110011111101101110100000101
00111110001010010000111111111001
00111110001001010001011011011011
00111110010101110111010110111000
00111111011000110110111000101111
00111111010000001001000000101110
00111111001101010111101001111000
00111110000001101010110100101110
00111110011011001001100001011111
00111110011000011111111100101110
00111110100110101100011100010001
00111101111001010000110001011111
00111110100100111110011011000101
00111110101000100010111110101101
00111110000001101111100100110011
00111111010101101000011100101011
00111110011111000100010111001100
00111110110110110111000101110110
00111110100100111101100001011010
00111110011000101000011101111111
00111110100010101011001101101000
00111110100111100110000010000000
00111110100011001001100001011111
00111110011100011000111111000101
00111110001111101101011111000111
00111110011100011100011011010010
00111110011000101010110000110010
00111110101111110110111111010010
00111110001001101010111111001101
00111101110101010010011111100101
00111110100110110101101100101101
00111110001101101111011111100100
00111110100001101111011010010100
00111110100110110001100110100100
00111110100110000011110011110011
00111110010000000110100011011100
00111110100001001001001111001001
00111110001101001010010011010011
00111110100011011100010111010110
00111110001100001001100101011011
00111110011111100000001101110001
00111110100111101001101000101100
00111110101000011011101100000110
00111110001010010111011000110110
00111110001111111011011010011010
00111110100100011010101101001011
00111110010010001010011100011110
00111110011100111010100100101010
00111111001010000111111111001100
00111110010000000000101001111100
00111110111000001101111011010011
00111110100001011001001101100000
00111110101110110010111111101100
00111110010011110100100111001111
00111110100000101011110100111100
00111110000011011110001010101100
00111110111011000000100000110001
00111110110010101100000010000011
00111110100110011111101010011000
00111110000000011111100111110000
00111110100011010101101110101011
00111110011100100001001011010111
00111111000010101010011001001100
00111110001000111010110100011001
00111110011001010001011011011011
00111110001001001100100000110110
00111110001100101001110111000111
00111110001110101101100101101010
00111111011111101101111110100100
00111110011010010101000110000011
00111111011011010110001110001000
00111101110011101110001110010011
00111110101111100111011011001001
00111110100001100010011101111100
00111110100100010011011111110100
00111111011100000010110111100000
00111110100011001001011100001111
00111110000100101111110000100110
00111110000000100111001010000110
00111110100011000110110100011110
00111111011111001100110011001101
00111110011101000010110000111101
00111111001011010101110011111011
00111101110011001101110010000111
00111111011110010010101000110000
00111110100000100111000100110111
00111110000100110000100101000010
00111110101001100101000000011110
00111110111111001100011000111111
00111110110010111011100110001100
00111110100100111000111011110011
00111110001110001001011000010100
00111110000001010010111001110011
00111110001011010000101110110111
00111110100110101000110000010101
00111110101001010010011010010110
00111110101000111110010101110101
00111110001110101111001110100001
00111110100111111000101101011001
00111110011000101010010001010101
00111101111110101100011100010001
00111110001010010011010010101101
00111110100101101100100010110100
00111110010000010101110010100111
00111111001110101001100100110001
00111110100110111100000000011010
01001110001101000011100101101111
01001111001010101111011100111010
01001111001101110010110110110100
01001110110100110110111001001101
01001100111110100111101000000101
01001111000101001111000100000111
01001111000111110110001111100101
01001111000001111110111101101011
01001111001101110101110100011001
01001110101110100010010110001010
01001101100001100100011010010000
01001101010110100001010100111011
01001101010001101001010001100001
01001111001010011000010001001111
01001110010100101110001110001011
01001111000100000111001010011000
01001111001110101110010000010111
01001110110101000100000100010110
01001101011100110000011010000000
01001110110010110011000111001101
01001100110100010001110111011111
01001111010000010111101111101111
01001101100011100110010011100101
01001111000001011010010110100001
01001110001000000011001011001110
01001110101011010101111001010010
01001110101100100011001000000010
01001110110000000010101011000010
01001100001101001101110000111110
01001111001111000010101010111100
01001100101011000011101101111001
01001111000001000000111000101111
01001100110111111100011101011111
01001111001111001111001010000100
01001101111111001111100000001000
01001101000011010100001100011001
01001110010010010100110101101010
01001110001110011000010000111000
01001111001011010101110001100011
01001111001110110010001010111110
01001100101000010000000100110000
01001101111010001010100110110000
01001101100100000011001110011110
01001110100001011011111001011011
01001100010110101011110100100001
01001110000011111101011101110010
01001110101011000001110111110111
01001101110010001111001000101110
01001101111100001000011000111000
01001111001010011000001011010000
01001110000100001001010011100001
01001111000111000000101001010001
01001111001111010001101001101011
01001111001110101010100011000010
01001110111001000000111110111000
01001111001011100010010001000011
01001110001101110010011111101100
01001100101010011111110100110110
01001110011111001100110011000000
01001011101111110010011110110000
01001101100110110101101111000001
01001111001011100000111011100100
01001011011011101000010110001100
01001100101001100011000100001001
01001100111100010101101100000000
01001110011000101000000100011001
01001110001010001100111001010101
01001101100100001101110111010100
01001101011110011001011011111110
01001101100001011001111011000110
01001100011110000111001011101111
01001111001101100010010000010110
01001101010100100010010101110111
01001110110111100110011001111001
01001111001111001001011100111101
01001110010110100000100111000100
01001110001010100101010001010001
01001101010111111011110101011100
01001011110111100011101101111000
01001101001011010110100111100101
01001101001000110000111100010010
01001100111001010100000001001111
01001110001011111001001100011101
01001111000011000110101011011110
01001110000111111101011110110100
01001110110011111111011010111010
01001100011001101110001111010101
01001111001000001000101111011000
01000110110001010100011001111110
01001111000011111101011011001011
01001110111001111001011011010101
01001110111100001100101011000101
01001110100011110111101110110111
01001111000111001111100001001001
01001100001000111001001000101001
01001011100000101000011101110101
01001101011101101000011110000101
01001101000000011110111100011011
01001111000011100111000110111110
01001011101011100101111011011001
