01000101000111111011001100010001
01000110100100001000000100010111
01000110100011011000000011010111
01000100000110010100111000010010
01000110011110111011010100100000
01000101000000110001010000001100
01000101011011010111010100110010
01000110101101011001110001001001
01000110000101010101111101100110
01000100001010111001000101111100
01000110000001000110100010111000
01000110010010000100100011101011
01000110101011100001000010000111
01000011111001000100010101011101
01000101101100010000100100110010
01000110101010101000111010001010
01000110010101110010000100100000
01000110111010110000100001010001
01000110010110001000000001101011
01000101010001010010010010111100
01000110001000101001000011010110
01000110000010010101110010110011
01000101010010100001001111101010
01000101011110010101001001010010
01000100000011011000110001100000
01000110111100100010010101010111
01000110101011110010011011100000
01000110100110000010010010010000
01000011101110001111010011011010
01000101100101011110011010111100
01000101110100100000100101000110
01000101110010010101100111011001
01000110101000001000011010100011
01000110010011001101111000000011
01000110011101000001000100111010
01000110111001000010001001110111
01000100100010111100010110000111
01000110110011101011011000110110
01000110101111101010010001010100
01000110101101011010101100011011
01000101100110001000100110101111
01000110000010101110101100101011
01000110100001001100001001101000
01000110110110010100101010010011
01000101111001010111001010011001
01000110011100101011100010110110
01000110101111110101010110100101
01000110010100101100001001010100
01000101111100111000000111001001
01000110111000110100111001100010
01000110100110001000001010011111
01000110011100011001100011011010
01000110110001010010111010000000
01000101110100101011000100001010
01000101110001010110001010010111
01000101001111001001001100000000
01000110111110011001011010000010
01000110110101011111111110001100
01000110111110111000111001101010
01000110000110010101000100010000
01000110110011000011100001011001
01000110100111001011101001110001
01000101110100011010100100101000
01000101101100010100101000100010
01000110010000110101111111100101
01000110100000010100100010001001
01000110100001011100011010010101
01000100000001100010111010110101
01000110110001011100011001111111
01000110000001110000010011110010
01000101101100100011001000000000
01000110110110000101101110110110
01000110010011110110100011111111
01000110000011100110000011110001
01000110111000110100011110011110
01000110011101000101010011101110
01000110101110100000001010010000
01000110100011100111011010100010
01000110110011101110001001110000
01000110110001100111110110001011
01000110111111010010110001010111
01000110001110100100110011110100
01000110111011010101011010111101
01000110100111001100110001001100
01000101100110001101000101000111
01000101011111110001001010000010
01000110100100100100101001000010
01000110111011111111010001100001
01000110100000100111101101111101
01000110101001010001011001111010
01000110101101100011011010011110
01000110010000000011000100111001
01000110110111100001010001010111
01000101011111101010010001111111
01000110111100000000111000111000
01000110011101000011110010001101
01000110100010001110100000110110
01000110010010100010100001111011
01000110101000000101101010000000
01000110001000001010100100010011
00111111010111001110110110010001
00111101111010110000001000001100
00111111010100010100011110101110
00111110101001111001101001101011
00111110001101001011100111001011
00111111011100000011101011111011
00111111010001001000000101101111
00111111011011000110001111110001
00111110100100011000001111111001
00111111010111001101001101011011
00111110000011101000101001110010
00111110100100011111101101000000
00111110100011000001100100111011
00111111010110110101000010110001
00111110100111001110000001110110
00111111010010000001000001100010
00111110100110101100010001110010
00111111010101010111101001111000
00111110011001001011000010011111
00111110000001101100001000100111
00111111011001111011010010100010
00111101111100111110111111110010
00111110101101110111001100011001
00111111001110000111100100111110
00111110100100010111100101111101
00111110100000000101101111000000
00111101111010010001111110110100
00111111010110000011000100100111
00111110100100111010000101001101
00111110100011110011001110000111
00111110010000000010011101010010
00111110011001101111011010010100
00111111001111001101100111101000
00111101111001110010001100100101
00111101110111010011100110010111
00111110011011100100011001001010
00111110111100100111101110110011
00111110001110111100001010111001
00111101111101010000101100001111
00111111011111110000011011110111
00111110101001001010010011010011
00111111011010100011110101110001
00111110001000110110100011110001
00111111001011110010000100101101
00111111010001101110001011101011
00111110001111100101111100110001
00111110011010110110101011101000
00111110101001101001010001000110
00111110001101111100100110011011
00111101110110001101011110011101
00111101110110101000010110001000
00111110100110101110111110110011
00111110001000011001011001010011
00111110000011100001000111011100
00111111011000010101010011001010
00111110100101101111110100100010
00111111001101101100100010110100
00111110100001000100000100110101
00111110001001011101001110011001
00111111001100011101011111011100
00111110011011101101101110110110
00111111010101111100000110111110
00111110011110110000000010111101
00111101110011010100010101100011
00111111000101010011111101111101
00111110001010011111000101101011
00111110001001100110011001100110
00111110101010011110000110110001
00111111011001111011010010100010
00111110010110100001110010101100
00111110101001110101001001010100
00111110101011010000000100111011
00111110001110100110011000010011
00111110101001010110110101011101
00111110011000010011101010010011
00111111011100111010111110111000
00111101111010110010000110000001
00111110110100101011110100111100
00111110000001010000100111000000
00111111011011101000101001110010
00111110011001100101111010001001
00111110100110001000100011111000
00111111001100000110111101101001
00111110101000000110010011101101
00111110100101100011100111010110
00111110001101100110001001111000
00111110100000110010010011001000
00111110100001111111111101011000
00111111000011111011000101011011
00111110010001100010011101111100
00111110000111111001100111000100
00111110000110000000001101000111
00111110000011000010001001101000
00111110011001100110101110100101
00111110100111001101111100100110
00111110000101100010100011001100
00111110101001010011000100010010
00111101111011101001110011001011
00111111010110010111100011010101
00111110011111000011000011010011
00111011000010100101000111111110
00111011100111111010010101001100
00111011001100010101111110001001
00111011100001011101101101110111
00111010110010101000000110011001
00111011010100111111101110010101
00111010111100110001110011000011
00111011001111000101100110111000
00111010111010110110010001101000
00111010111010100101010010011101
00111010101011100011000111010111
00111010101111100110010100101011
00111010110001010001101100101000
00111010111010010111000001110010
00111011010000000111011101010100
00111010101010010001010100111000
00111011001101001011011100101100
00111010110000110100110000011011
00111011001010100100001100110101
00111011000000100000100101011010
00111010100001111100110110111111
00111011000011111100010000101110
00111011001010010101001101001011
00111011111000111101010111111110
00111011010001000110101011111110
00111010110010101100010010110101
00111011001100000001011010110100
00111011000011010111110001010101
00111011000000010011110010101100
00111011000100111000110000111001
00111010110110001111110101011101
00111011000100101010110100010110
00111010111100010010001000010111
00111010101010000111101011011110
00111011010101100100101111010010
00111011001010001111000111111100
00111011000101000011010110101101
00111011001101110011100110111110
00111011001101011011001011010101
00111011011110110000000010111101
00111011111111101111011111000010
00111011010010100011001010111111
00111010101011010110101111011110
00111011010100000110101011100111
00111011110110010001011010000111
00111100000111010000011000110110
00111011000100000010001111001111
00111010100110110011101010000100
00111011010001110011010110110100
00111010111110000000101001101000
00111010100001010000110100011011
00111011001001001001110100000011
00111011001011111011000001011100
00111011001000100110110010100111
00111011100010100011011100100110
00111010100011011111110110000100
00111010100100011001010011101000
00111011011100001101100001000101
00111010110010010110011110111101
00111010111000100011011110011000
00111011110100010111001111111011
00111010111011010101111100010100
00111010101011001000101100001110
00111011000100111010000001011011
00111011001010001010110100110011
00111011100010111101101010010100
00111010101001000110001111111000
00111010101110110101011101011010
00111011001001110101100010011111
00111100000101101110100110111100
00111010111100010001101101100001
00111011111100111011101001110111
00111011001110111001001110111111
00111011001001011101010100010001
00111010111100010000011100111111
00111011010011011111011101101111
00111011000110010010110101100011
00111010110011111110000101010100
00111011111100111000100000100010
00111010110101000111101100010111
00111010110001000011110110110010
00111010110110010011011001101000
00111011001101000001011111001010
00111011111000001111110000101111
00111011110011011001011000100000
00111010101101011110000000100001
00111011010011111000100001101001
00111011010001001010000010101110
00111011000011000110010000100111
00111100000010100001110111111100
00111011010100000010110011010100
00111011001101011111111001010100
00111010110111010011100100101100
00111010111110001001000010100000
00111011100010010011101101111110
00111011100000001001110101001001
00111010111001110111100100100000
00111100000001110011011110010111
00111010101011100000011000111000
00111011000000001101110100001010
01001110110000011101000001101110
01001110001100011111011000000011
01001111001000101111000101100011
01001111000111111110100010000110
01001110100111101010100001010110
01001111000101100001001011010110
01001110111000000110101001000001
01001100100110000111001110101100
01001110001001100010100010111011
01001101100000110110000101111110
01001110110111001100010001101011
01001110110011100111110000001011
01001101010101100001111100010111
01001101110111000001000010111011
01001101100000000101110001000010
01001101100011110010001010100001
01001110010011001010001110010101
01001101001010001001000000101001
01001101110110000000111110011101
01001111000110011000101100000010
01001010111100000010100100010010
01001101001100011010010001110110
01001100111010110011000110001110
01001111001001100101101110010110
01001110101110001001111101011110
01001010110100010000100001010001
01001100100100100100110111111000
01001110011101011101011101010011
01001101100011110110010001111011
01001011101010100011001101011110
01001100100011001000001001011111
01001111000010010001010111110001
01001101001110111100100111010001
01001111001001001001010011100011
01001101100010011011100011110011
01001101011001110111100101000011
01001101100000010111100111001101
01001101100110110101001100101010
01001101111010100110110000101111
01001110001111001111010001010000
01001011101011001010001010001001
01001110110101000111010011110100
01001111000001000100100110100000
01001101000001110100011010011101
01001101101011101000011110111001
01001111000010101000000101000111
01001101010001101010001010010001
01001111000100100011000101111100
01001110000000011000001101100010
01001111000111110110100001111001
01001101010011011010010001010101
01001101100111001001100111000000
01001101010110011001000001001011
01001110100111000011110011100011
01001110111110111011001110111100
01001011110001000111110111001001
01001101010111111001000010111100
01001110000000110010100100011101
01001110001001000010111011001011
01001101000100101101100100111000
01001101010100011111001010111000
01001100001000010011001000000110
01001100101010000111100110111111
01001110001100001001010010010111
01001111000001000100100111011010
01001111001001010000010111011101
01001110101001100101111011100100
01001101100001001100011011100110
01001100110110010101010010010111
01001111000111101111110001000010
01001011111000010010001111001110
01001111010000010110101101000010
01001111001010111100000111101011
01001111000101100001010001101100
01001110110110111001100100111011
01001100101101010011111000110011
01001111001100001001000101001101
01001110101011000010010000100001
01001111001101011000001111111111
01001110011110101001101101000000
01001100111001100110101101010001
01001110000100011110101001000111
01001101001010010001110101101010
01001111000111011101010000001001
01001011111100000111111001111111
01001110100011111110110001110101
01001110110101011011111011101101
01001110010101110011100101011101
01001101001010110111111010010010
01001110101001010100001101000011
01001111001010101110010011101010
01001111000110010111011101001100
01001111000010100011100101101100
01001101101111011000000010001001
01001110010101100101001000111000
01001110000111010010101101000111
01001110111111010101111010100000
01001111000111110001001100010000
01001110000110100110000101010111
01001110011001010001101000000111
01001110101100110001000100100110
01001111001000101011000101010110
01001110000100100111110110010100
01001111001010111111001011111111
01001101111111010001000010100010
01001101100001000101010011010000
01001101000000111000100001110011
01001101011111001001100001011010
01001110011111100010001001001000
01001110111001101011010101001011
01001111000011100001110111100110
01001110100110000001000100101010
01001110101001011000000001101010
01001111001101100011101011110010
01001100010100111001111010011010
01001101001111111101100010101010
01001100111011010110000100101101
01001110101100111111100101000100
01001110110101000000101000110110
01001110011001001101000010110101
01001101000011001110011000000111
01000111111001111011100011010100
01001101010010010001000101110010
01001101100101110011111000010110
01001110000100011101100010111110
01001110111000111111011101100100
01001111001010010110000100100011
01001110111101100111000110011010
01001110101000000001001111001000
01001111010000010011101000110101
01001101011111101010101110110101
01001011110100000101100001100000
01001110001011110111010101101111
01001010111101101000011101000010
01001101100100010100000000001011
01001100111101011011100011100101
01001111000101011100000001111001
01001101010100000011101010111010
01001110101010110000001001100110
01001101100000011001001000100000
01001101010001101011011011110001
01001101011110010110110000110110
01001110010111110100111110000000
01001101011101011110011100110011
01001110110101110010011100011011
01001110010000010101011000111111
01001101011100101110001000011010
01001110101010101010000000110001
01001110111110100001110101111011
01001110110101111100010111001000
01001111001101101011111111100011
01001011110011010110011100000010
01001111000101000001011011010001
01001111001111010101000100110000
01001110011100010101010101010101
01001100100010101001101100000000
01001011110001110111000111000010
01001110010010101100111001100111
01001110101100010110100011011110
01001110000011100001010001000110
01001111001100101101100111001100
01001101100010111100111010010000
01001111000000011000111011101101
01001110010100100001111100000110
01001110101110111000010001111001
01001111001001000110101110110100
01001111001100111000000111010011
01001110011101100101000000011001
01001111001001000011010010100010
01001100111010110110001111110011
01001101101101000111001011110011
01001111000101111011101100011010
01001110011100011100111010100000
01001110101101001110110101001001
01001011100111100111010111000110
01001101010100010001011000010001
01001110100000011100100100000100
01001110101110100011100000011111
01001101000000001101011011100000
01001111001000101011101111011011
01001110101111100101100001000001
01001100000110100100101110101010
01001010010011111110101010010001
01001101100110100000001011110101
01001101111100000001101000010100
01001101000010000011011010111111
01001101010000110111111110111010
01001011111000000110000100010111
01001111000011110101000010010100
01001101001111100000100110111110
01001111000110000010110101101001
01001110000100010111011010011011
01001101100000000111010110100011
01001110110010010001001001111110
01001111001010100100110000010111
01001111001011001110100001101111
01001110110110101100001101111010
01001101001011011011101110011110
01001100111111010000001110110000
01001101111111001101001110110101
